fips   For 0-4 total (not just related kids) poverty ratios     For 5-17 total (not just related kids) poverty ratios                   For 18-64 poverty ratios                                   For 65+ poverty ratios
     cps05 irspr05 irsnf05    fs05   cpsse   gvfse  fnlse   cps05 irspr05 irsnf05    fs05   cpsse   gvfse  fnlse   cps05 irspr05 irsnf05    fs05   cpsse   gvfse   fnlse   cps05 irspr05 irsnf05   SSI05   cpsse   gvfse   fnlse smpsize
01 33.0753 16.4169 14.6657 11.8464 7.29493 5.36830 4.9465 20.6558 23.1582 14.6657 11.8464 3.59249 2.99080 2.9840 14.1291 16.4169 14.6657 11.8464 1.54854 1.52852 1.49660 14.4744  7.7310 48.8461  5.8410 2.96647 2.69747 2.73314   902
02 12.8453 11.8695 10.9282  7.6478 3.36645 2.90186 3.1438 11.6152 15.1852 10.9282  7.6478 2.91581 2.19139 2.2385  9.4899 11.8695 10.9282  7.6478 1.51029 1.15230 1.12809  5.9523  8.4637 31.1243  6.7629 2.19020 2.07815 2.35919  1013
04 28.1156 12.8813 19.3337  9.0293 4.05364 4.25920 4.1332 18.5417 19.5926 19.3337  9.0293 2.14429 2.48928 2.6205 13.9529 12.8813 19.3337  9.0293 1.08212 1.25871 1.22700  7.7545  7.1625 43.2610  2.9492 2.09093 1.94198 2.07618  1060
05 20.4875 17.8278 15.5482 13.6780 4.43306 4.66193 5.1378 17.8520 25.5525 15.5482 13.6780 3.47793 2.97072 3.1681 12.4371 17.8278 15.5482 13.6780 1.35977 1.39095 1.44389 11.6742  8.3454 47.4378  5.0282 2.11612 2.51801 2.67954   858
06 21.5428 13.6193 16.1331  5.5186 1.39320 1.55885 1.5392 17.0768 19.0014 16.1331  5.5186 0.86833 1.01699 1.0291 11.5967 13.6193 16.1331  5.5186 0.42661 0.49554 0.49415  8.9321  7.0851 42.5496 10.5198 0.87005 0.80712 0.82264  6519
08 14.5829 11.7195 13.2016  5.3729 3.33781 2.77801 2.8725 14.5001 15.4452 13.2016  5.3729 2.23495 1.95801 1.8408 10.4222 11.7195 13.2016  5.3729 1.02810 0.94085 0.89865  9.7556  8.2012 33.9599  2.8847 2.06567 1.93995 1.78946  1589
09 13.4583  8.9714  9.8878  5.9651 2.32465 2.75576 2.5900 11.9048 10.6225  9.8878  5.9651 1.68226 1.71838 1.6122  8.6065  8.9714  9.8878  5.9651 0.82036 0.89142 0.81952  7.3776  7.0889 35.8143  2.6508 1.45224 1.40159 1.44175  1656
10 18.9595 11.4632 11.4757  7.6801 3.23203 3.79439 3.5951 11.7440 15.7007 11.4757  7.6801 1.76210 2.11390 2.1634  8.0447 11.4632 11.4757  7.6801 0.87407 0.95642 0.99169  6.1651  5.9612 35.6591  2.0992 1.49900 1.46454 1.70198  1164
11 34.7318 12.2487 26.5165 15.7846 5.44105 5.10345 5.1239 39.6679 22.5971 26.5165 15.7846 4.13787 3.89122 3.7158 15.9022 12.2487 26.5165 15.7846 1.38564 1.34328 1.36869 21.8635  4.4679 48.5441  5.9845 2.49819 2.62299 2.31598  1186
12 18.3053 15.6293 13.0510  7.0090 2.35542 2.30764 2.3393 14.6266 21.2454 13.0510  7.0090 1.42197 1.44492 1.4627  9.6086 15.6293 13.0510  7.0090 0.58309 0.62577 0.64994 10.1383  7.4233 43.3138  4.5929 0.99649 1.05395 1.03119  3453
13 21.2869 15.9868 17.1295 10.1080 3.09790 3.44475 3.5374 20.8235 22.1684 17.1295 10.1080 2.44744 2.55043 2.4782 12.2267 15.9868 17.1295 10.1080 1.19415 1.03241 1.03535 10.4201  7.7267 46.4134  5.6992 1.54337 1.69085 1.88282  1642
15  9.9933 12.8749 10.1581  6.7534 2.89551 2.85760 2.8455  9.7877 15.7271 10.1581  6.7534 1.59968 1.81076 1.7310  7.5158 12.8749 10.1581  6.7534 0.83126 0.94762 0.96161 11.3073  8.7835 36.0372  4.4992 1.74327 1.97664 1.71770  1231
16 14.4083 14.5830 11.5659  6.3648 2.85517 3.77407 4.2083 11.6662 18.6365 11.5659  6.3648 1.77595 2.38318 2.5004  9.1853 14.5830 11.5659  6.3648 1.21078 1.24397 1.33553  7.4535 10.3001 37.0816  1.8481 1.56396 2.03801 2.18376   849
17 18.0665 12.5754 12.4196  9.4977 2.37781 2.62116 2.5932 14.4173 16.6399 12.4196  9.4977 1.57511 1.68045 1.7090 10.1084 12.5754 12.4196  9.4977 0.76288 0.76112 0.76347  9.4972  9.0528 36.9120  3.7636 1.40605 1.42406 1.38325  2286
18 26.9494 13.2303  9.8109  9.0680 4.86529 4.19149 3.6157 15.1771 17.3580  9.8109  9.0680 1.94370 2.17719 2.0323 10.4148 13.2303  9.8109  9.0680 0.98843 1.12974 1.09889 11.2282 12.9139 33.6406  1.5883 2.59711 2.10770 1.81431  1168
19 17.6144 11.0709 10.1244  7.4460 4.11388 3.18188 3.0392 12.9823 13.9122 10.1244  7.4460 1.96061 1.93265 1.8684 10.8518 11.0709 10.1244  7.4460 0.89777 1.08762 1.01760  7.5693  9.2045 33.3551  1.6132 1.45189 1.77938 1.84889  1338
20 22.0663 12.6856 10.6504  6.6272 3.73068 3.76403 3.4713 15.9877 16.2885 10.6504  6.6272 2.73952 2.58873 2.3187 11.3026 12.6856 10.6504  6.6272 1.10090 1.21174 1.14841  7.7822 12.3494 30.5799  1.8250 1.71551 1.93639 2.00501  1091
21 24.4102 15.9176 14.2404 14.0002 4.07615 4.19587 4.1996 19.9171 22.1868 14.2404 14.0002 3.30892 2.85452 2.8958 11.8750 15.9176 14.2404 14.0002 1.27671 1.24149 1.33632 17.3030  8.4241 48.2507  6.4231 3.21449 2.88946 2.63522  1059
22 30.0369 17.5201 18.6376 15.9802 5.72783 5.44847 5.5340 22.1377 25.4785 18.6376 15.9802 2.79481 3.32160 3.5778 17.1370 17.5201 18.6376 15.9802 2.02188 1.85575 1.84036 11.4233  7.2757 51.1149  7.0980 2.37949 2.65013 3.05595   684
23 17.2940 12.7919  9.9814 12.0820 3.75007 3.60167 3.5375 14.8950 15.8686  9.9814 12.0820 2.12814 2.37443 2.2883 11.9991 12.7919  9.9814 12.0820 0.87578 1.05911 0.99438 10.6030  7.8930 43.1953  2.8267 1.81906 1.80170 1.78920  1311
24 16.7579  9.6303 11.4410  5.3948 2.76152 3.12786 2.7171 11.7844 12.1813 11.4410  5.3948 1.59248 1.70822 1.6143  8.1046  9.6303 11.4410  5.3948 0.72249 0.81047 0.77809 11.1856  5.6753 37.4440  3.8028 1.70029 1.71371 1.57218  1685
25 11.4393  9.3671 11.6588  6.5528 2.57468 3.10894 3.4708 11.5802 11.3752 11.6588  6.5528 1.93235 2.23041 2.4103 10.0669  9.3671 11.6588  6.5528 0.97159 1.12285 1.06907  7.6083  7.4465 38.8120  4.6272 1.64164 1.77123 1.95643  1100
26 21.9176 13.2660 12.8548 10.9984 3.06284 3.16886 3.0346 14.2873 17.8325 12.8548 10.9984 1.66433 1.76777 1.8552 10.7675 13.2660 12.8548 10.9984 0.70639 0.86533 0.87907  9.1391 12.3127 32.0092  2.8137 1.70675 1.53195 1.48811  1860
27 10.4394  9.7692  9.1913  5.1125 2.17899 2.30155 2.4582  9.7332 11.8103  9.1913  5.1125 1.92249 1.60961 1.6380  7.8748  9.7692  9.1913  5.1125 1.24137 0.83690 0.82893  5.2736  8.8091 32.1417  2.5881 1.13446 1.21940 1.53658  1692
28 30.9364 18.7608 18.3661 14.0889 5.40814 5.56795 5.6356 30.0138 27.3098 18.3661 14.0889 3.18543 3.82283 3.7563 16.3778 18.7608 18.3661 14.0889 1.90131 1.71633 1.72522 16.2006  6.9445 54.9659  8.7420 2.70481 2.72119 2.82814   722
29 24.2677 14.1685 12.3760 13.5575 3.88458 4.13226 3.9000 15.1735 19.1940 12.3760 13.5575 1.61027 2.12579 2.2595  9.8404 14.1685 12.3760 13.5575 0.90221 1.07512 1.15875  8.4948 10.2343 38.3010  2.6055 1.54660 1.57666 1.69984  1318
30 28.6762 16.6960 10.5983  8.6851 7.67372 5.45000 4.9889 16.3500 20.8032 10.5983  8.6851 3.07652 3.10219 3.0456 13.4180 16.6960 10.5983  8.6851 1.76437 1.53214 1.46887  5.9071 12.9663 32.2562  1.8576 1.80776 1.79407 2.19477   761
31 15.1192 12.1276  8.7571  6.7685 3.24992 3.52421 3.4852 11.0329 14.9874  8.7571  6.7685 1.52676 1.85616 1.9031  8.4338 12.1276  8.7571  6.7685 0.85557 1.05717 1.08327  9.4015 11.5348 32.7378  1.6629 1.52413 2.04035 1.93724  1090
32 16.7228 11.1190 14.0893  4.8213 3.71685 3.38345 3.5630 12.2441 15.4411 14.0893  4.8213 2.24276 2.06810 2.1914  9.7185 11.1190 14.0893  4.8213 1.10045 1.03076 1.03117  9.1437  7.2091 37.1683  2.9499 1.57003 1.90154 1.78720  1195
33  6.5019  8.9904  6.5639  4.2215 1.68819 1.91565 2.3351  5.0375  9.7870  6.5639  4.2215 1.23085 1.20199 1.4656  4.8541  8.9904  6.5639  4.2215 0.57532 0.65686 0.74596  9.4993  7.7735 35.7261  1.1055 1.61864 1.62599 1.49170  1489
34  9.4970 10.1194  9.7169  4.6288 2.11069 2.48041 2.6735  8.3566 12.2830  9.7169  4.6288 1.30153 1.53841 1.6742  6.0523 10.1194  9.7169  4.6288 0.60415 0.73596 0.79960  6.7760  8.2236 36.4052  4.2285 1.54660 1.40998 1.57159  1518
35 26.3503 18.7310 15.0492 12.5922 4.96327 4.67871 4.7082 24.1676 26.3725 15.0492 12.5922 3.51411 3.48061 3.3581 15.7584 18.7310 15.0492 12.5922 1.60748 1.58621 1.53562 14.5701  9.3652 42.1323  6.5298 2.89965 3.03465 2.86389   855
36 22.5432 14.5956 15.9678  9.2305 2.41122 2.43372 2.4495 19.6501 20.1092 15.9678  9.2305 1.42021 1.54054 1.5426 12.5435 14.5956 15.9678  9.2305 0.64730 0.71078 0.71692 13.3085  7.8645 45.0850  8.1603 1.33678 1.30573 1.23704  3309
37 19.7875 14.9487 13.4530  9.6054 2.81762 3.21496 3.3220 17.5139 21.0733 13.4530  9.6054 1.78661 2.37501 2.3473 11.0998 14.9487 13.4530  9.6054 0.92790 0.99565 1.01176 12.0070  7.6785 44.2634  4.5965 1.78885 1.85852 1.92276  1534
38 18.7918 12.0057  7.6198  6.7133 4.22978 4.34383 4.1138 10.9432 13.9587  7.6198  6.7133 1.60312 2.09257 2.1014 10.3816 12.0057  7.6198  6.7133 1.23450 1.24188 1.20477 11.1745 10.2494 32.1511  1.9909 1.31263 2.20590 2.18534   958
39 22.7069 13.1820 10.2705  9.1222 2.87037 3.17995 3.0598 15.0570 17.1076 10.2705  9.1222 1.55531 1.68165 1.6784 11.5397 13.1820 10.2705  9.1222 0.90553 0.92026 0.87849  6.4627  8.2046 38.7431  2.3701 1.21367 1.23186 1.41183  2075
40 22.8844 16.9263 14.9560 12.1988 3.09095 4.35813 4.5031 19.2177 23.9665 14.9560 12.1988 2.25698 2.81577 2.7975 14.1717 16.9263 14.9560 12.1988 1.34647 1.37477 1.33339 12.7640  8.9280 41.9671  3.3692 1.71930 2.26609 2.13446   983
41 24.3133 13.0154 15.6157 11.8039 5.24833 4.30846 4.1104 14.6675 18.2116 15.6157 11.8039 1.87349 2.41056 2.5712 11.3243 13.0154 15.6157 11.8039 1.35720 1.20614 1.26158  5.0837  9.4966 35.7587  2.6823 1.30919 1.47987 1.84749  1020
42 17.8114 12.1154  9.7159  8.7130 2.72782 2.74064 2.6605 16.1207 15.2362  9.7159  8.7130 1.65045 1.67322 1.5627  9.7017 12.1154  9.7159  8.7130 0.75498 0.73351 0.73436  8.8628 10.3033 39.5404  3.0805 1.49799 1.27255 1.30666  2231
44 17.2319 11.3853 13.1710  6.8402 3.63717 3.63414 3.8674 18.2312 15.4628 13.1710  6.8402 2.54460 2.58632 2.4563 10.1557 11.3853 13.1710  6.8402 1.05119 1.06966 1.05247 10.2748  7.5065 44.1378  4.2070 2.41080 2.00163 2.04787  1233
45 18.0581 15.5557 14.9630 12.4064 3.29545 3.97306 4.3687 19.6074 21.8127 14.9630 12.4064 2.55382 2.64108 2.6780 13.7257 15.5557 14.9630 12.4064 1.27279 1.29277 1.25587 13.1279  6.9007 46.4342  4.5754 2.29216 2.38874 2.42168  1062
46 16.5843 13.7746  8.7097  7.4667 4.98859 3.84101 4.1705 15.4234 16.9026  8.7097  7.4667 4.66658 2.80152 2.7332 10.1914 13.7746  8.7097  7.4667 1.54693 1.23677 1.26388 11.7704 10.8191 31.1909  2.7925 3.24746 2.21157 2.14548  1109
47 14.1378 15.9338 12.1272 14.5012 3.23234 3.31984 3.9725 21.0403 21.8300 12.1272 14.5012 3.55091 2.79606 2.6611 13.6993 15.9338 12.1272 14.5012 1.23531 1.27646 1.22506 12.2704  7.7955 47.4834  4.7034 2.68421 2.24495 2.31424  1054
48 24.8098 17.1998 15.2515 10.6311 1.92146 2.02599 2.0349 20.7512 24.1985 15.2515 10.6311 1.28062 1.32416 1.3164 14.0656 17.1998 15.2515 10.6311 0.64420 0.67159 0.65485 12.5799  8.2927 44.6613  6.9429 1.05119 1.16822 1.17447  3959
49 13.5166 12.7061 10.3148  5.3315 2.70296 3.24636 3.2210 10.9291 15.1477 10.3148  5.3315 2.54086 2.23540 2.1684  8.1771 12.7061 10.3148  5.3315 1.41456 1.17664 1.27083  7.2402  7.3664 35.2950  1.7207 2.46191 2.18805 2.12788   875
50  9.8807 12.1096  7.9837  7.4787 2.57332 2.93027 3.1716  6.5224 14.0154  7.9837  7.4787 1.44982 1.55808 1.8243  7.4993 12.1096  7.9837  7.4787 0.66708 0.96019 0.99577  8.5944 12.1375 35.4796  2.6685 1.69115 1.87284 1.89059  1052
51 13.5335 10.9152 10.9550  6.6252 3.05876 2.74987 2.7210 11.8953 14.3163 10.9550  6.6252 1.89208 2.00175 1.9612  7.7887 10.9152 10.9550  6.6252 0.73484 0.79823 0.81771 10.2370  6.0279 39.5191  4.0239 1.65650 1.57887 1.56157  1605
53 14.2477 11.1521 12.0813  8.3700 2.59191 3.21300 3.5514 14.9709 14.6537 12.0813  8.3700 1.94858 2.12876 2.1032  8.6302 11.1521 12.0813  8.3700 0.74498 0.97007 1.05821  9.0146  7.4659 33.8802  3.5341 1.98469 1.91864 1.84704  1310
54 30.1171 16.7668 14.5337 14.6903 4.51154 5.24254 5.0138 17.7950 23.5009 14.5337 14.6903 2.77884 2.74839 2.9720 13.7299 16.7668 14.5337 14.6903 1.25259 1.41997 1.50179 13.8472  7.4107 51.2498  4.4320 2.76514 2.47216 2.31791   865
55 11.2664 11.2554  7.7449  6.5481 2.38244 2.63550 3.0102 14.4386 14.2459  7.7449  6.5481 2.13213 2.11849 1.9155  8.6728 11.2554  7.7449  6.5481 0.75498 0.85954 0.85863 11.2000 10.8844 33.2698  2.2215 1.45499 1.86227 1.59961  1429
56 23.2747 12.4782  7.5946  4.8017 5.06922 4.34671 3.7623  9.7754 15.3082  7.5946  4.8017 2.00524 2.02437 2.0584  9.4222 12.4782  7.5946  4.8017 1.30613 1.13707 1.08907 11.1973  9.5139 31.4359  1.3977 2.36833 2.47650 2.25731   932